{
 "cells": [
  {
   "cell_type": "markdown",
   "metadata": {},
   "source": [
    "# Interpreting Regression Beta Coefs"
   ]
  },
  {
   "cell_type": "code",
   "execution_count": 264,
   "metadata": {},
   "outputs": [],
   "source": [
    "import pandas as pd\n",
    "import matplotlib.pyplot as plt # For Residual Plots! \n",
    "import statsmodels.api as sm\n",
    "from sklearn import preprocessing\n",
    "from scipy import stats\n",
    "import seaborn as sns\n",
    "import numpy as np\n",
    "\n",
    "\n",
    "# For Train Test Split \n",
    "from sklearn.model_selection import train_test_split,KFold,cross_validate\n",
    "from sklearn.linear_model import LinearRegression\n",
    "from sklearn.datasets import california_housing"
   ]
  },
  {
   "cell_type": "code",
   "execution_count": 216,
   "metadata": {},
   "outputs": [],
   "source": [
    "# Load in Data \n",
    "\n",
    "df = pd.read_csv(\"kc_house_data.csv\")\n",
    "\n",
    "# Break off Target Variable\n",
    "target = df['price']"
   ]
  },
  {
   "cell_type": "markdown",
   "metadata": {},
   "source": [
    "# Train Test Split \n",
    "\n",
    "Before we start messing with our data, we need to break a bit off and not look at it until we are ready to test ourselves. This will be our `df_test` and `target_test`. This is 20% of our data that we just want to never even THINK about until we are ready to be done. \n",
    "\n",
    "This gives us the luxery to be able to play around with whateve combinations of features I want until I am satisfied with lining up what I think about the world with what the maths tell me. \n"
   ]
  },
  {
   "cell_type": "code",
   "execution_count": 217,
   "metadata": {},
   "outputs": [],
   "source": [
    "# Split that data \n",
    "\n",
    "df, df_test, target, target_test = train_test_split(df,target, test_size=.2, random_state= 42)\n",
    "\n",
    "# DON'T TOUCH TAREGET TEST OR DF TEST UNTIL YOU ARE READY TO SHOOT! "
   ]
  },
  {
   "cell_type": "code",
   "execution_count": 218,
   "metadata": {},
   "outputs": [
    {
     "name": "stdout",
     "output_type": "stream",
     "text": [
      "My training set's shape is: (17277, 21)\n",
      "My target variales shape is: (17277,)\n",
      "My training set's shape is: (4320, 21)\n",
      "My training set's shape is: (4320,)\n"
     ]
    }
   ],
   "source": [
    "print(\"My training set's shape is:\", df.shape)\n",
    "print(\"My target variales shape is:\", target.shape)\n",
    "print(\"My training set's shape is:\", df_test.shape)\n",
    "print(\"My training set's shape is:\", target_test.shape)"
   ]
  },
  {
   "cell_type": "markdown",
   "metadata": {},
   "source": [
    "### Take One: WTF is going on with this data?\n",
    "\n",
    "I don't know much about this data, but I am going to try to just model it based on two things that I think might be helpful. This might be good, this might be bad. I am going to look at number of bedrooms and squarefoot living. I am picking this just because I know that as we get more stuff in a house, the variables go up.\n",
    "\n",
    "If I didn't want to use my brain, I could instead use a correlation matrix to try to pick variables with that.\n",
    "There's nothing intrinscially wrong with this, but you need to think critically about all of this because it's not just about the numbers!!"
   ]
  },
  {
   "cell_type": "code",
   "execution_count": 219,
   "metadata": {},
   "outputs": [
    {
     "data": {
      "text/html": [
       "<div>\n",
       "<style scoped>\n",
       "    .dataframe tbody tr th:only-of-type {\n",
       "        vertical-align: middle;\n",
       "    }\n",
       "\n",
       "    .dataframe tbody tr th {\n",
       "        vertical-align: top;\n",
       "    }\n",
       "\n",
       "    .dataframe thead th {\n",
       "        text-align: right;\n",
       "    }\n",
       "</style>\n",
       "<table border=\"1\" class=\"dataframe\">\n",
       "  <thead>\n",
       "    <tr style=\"text-align: right;\">\n",
       "      <th></th>\n",
       "      <th>id</th>\n",
       "      <th>price</th>\n",
       "      <th>bedrooms</th>\n",
       "      <th>bathrooms</th>\n",
       "      <th>sqft_living</th>\n",
       "      <th>sqft_lot</th>\n",
       "      <th>floors</th>\n",
       "      <th>waterfront</th>\n",
       "      <th>view</th>\n",
       "      <th>condition</th>\n",
       "      <th>grade</th>\n",
       "      <th>sqft_above</th>\n",
       "      <th>yr_built</th>\n",
       "      <th>yr_renovated</th>\n",
       "      <th>zipcode</th>\n",
       "      <th>lat</th>\n",
       "      <th>long</th>\n",
       "      <th>sqft_living15</th>\n",
       "      <th>sqft_lot15</th>\n",
       "    </tr>\n",
       "  </thead>\n",
       "  <tbody>\n",
       "    <tr>\n",
       "      <th>id</th>\n",
       "      <td>1.000000</td>\n",
       "      <td>-0.017355</td>\n",
       "      <td>0.004771</td>\n",
       "      <td>0.010316</td>\n",
       "      <td>-0.006055</td>\n",
       "      <td>-0.134586</td>\n",
       "      <td>0.025876</td>\n",
       "      <td>-0.012190</td>\n",
       "      <td>0.008700</td>\n",
       "      <td>-0.019836</td>\n",
       "      <td>0.010580</td>\n",
       "      <td>-0.001595</td>\n",
       "      <td>0.025294</td>\n",
       "      <td>-0.012564</td>\n",
       "      <td>-0.012620</td>\n",
       "      <td>-0.005435</td>\n",
       "      <td>0.024282</td>\n",
       "      <td>0.001154</td>\n",
       "      <td>-0.140215</td>\n",
       "    </tr>\n",
       "    <tr>\n",
       "      <th>price</th>\n",
       "      <td>-0.017355</td>\n",
       "      <td>1.000000</td>\n",
       "      <td>0.315422</td>\n",
       "      <td>0.529378</td>\n",
       "      <td>0.701778</td>\n",
       "      <td>0.089524</td>\n",
       "      <td>0.258561</td>\n",
       "      <td>0.275385</td>\n",
       "      <td>0.400145</td>\n",
       "      <td>0.042909</td>\n",
       "      <td>0.670040</td>\n",
       "      <td>0.603072</td>\n",
       "      <td>0.047772</td>\n",
       "      <td>0.129166</td>\n",
       "      <td>-0.048010</td>\n",
       "      <td>0.305863</td>\n",
       "      <td>0.017225</td>\n",
       "      <td>0.588622</td>\n",
       "      <td>0.078741</td>\n",
       "    </tr>\n",
       "    <tr>\n",
       "      <th>bedrooms</th>\n",
       "      <td>0.004771</td>\n",
       "      <td>0.315422</td>\n",
       "      <td>1.000000</td>\n",
       "      <td>0.527008</td>\n",
       "      <td>0.592701</td>\n",
       "      <td>0.041579</td>\n",
       "      <td>0.183144</td>\n",
       "      <td>0.002254</td>\n",
       "      <td>0.088486</td>\n",
       "      <td>0.017482</td>\n",
       "      <td>0.362265</td>\n",
       "      <td>0.492467</td>\n",
       "      <td>0.157525</td>\n",
       "      <td>0.020966</td>\n",
       "      <td>-0.151134</td>\n",
       "      <td>-0.015483</td>\n",
       "      <td>0.131968</td>\n",
       "      <td>0.404960</td>\n",
       "      <td>0.034729</td>\n",
       "    </tr>\n",
       "    <tr>\n",
       "      <th>bathrooms</th>\n",
       "      <td>0.010316</td>\n",
       "      <td>0.529378</td>\n",
       "      <td>0.527008</td>\n",
       "      <td>1.000000</td>\n",
       "      <td>0.758467</td>\n",
       "      <td>0.090724</td>\n",
       "      <td>0.500929</td>\n",
       "      <td>0.071959</td>\n",
       "      <td>0.192903</td>\n",
       "      <td>-0.126765</td>\n",
       "      <td>0.664047</td>\n",
       "      <td>0.687644</td>\n",
       "      <td>0.500170</td>\n",
       "      <td>0.057154</td>\n",
       "      <td>-0.198293</td>\n",
       "      <td>0.030936</td>\n",
       "      <td>0.217301</td>\n",
       "      <td>0.571871</td>\n",
       "      <td>0.086461</td>\n",
       "    </tr>\n",
       "    <tr>\n",
       "      <th>sqft_living</th>\n",
       "      <td>-0.006055</td>\n",
       "      <td>0.701778</td>\n",
       "      <td>0.592701</td>\n",
       "      <td>0.758467</td>\n",
       "      <td>1.000000</td>\n",
       "      <td>0.182080</td>\n",
       "      <td>0.353172</td>\n",
       "      <td>0.111976</td>\n",
       "      <td>0.288661</td>\n",
       "      <td>-0.056987</td>\n",
       "      <td>0.761207</td>\n",
       "      <td>0.875670</td>\n",
       "      <td>0.313638</td>\n",
       "      <td>0.054631</td>\n",
       "      <td>-0.195949</td>\n",
       "      <td>0.053362</td>\n",
       "      <td>0.236566</td>\n",
       "      <td>0.759525</td>\n",
       "      <td>0.187308</td>\n",
       "    </tr>\n",
       "    <tr>\n",
       "      <th>sqft_lot</th>\n",
       "      <td>-0.134586</td>\n",
       "      <td>0.089524</td>\n",
       "      <td>0.041579</td>\n",
       "      <td>0.090724</td>\n",
       "      <td>0.182080</td>\n",
       "      <td>1.000000</td>\n",
       "      <td>-0.003873</td>\n",
       "      <td>0.023484</td>\n",
       "      <td>0.077069</td>\n",
       "      <td>-0.009913</td>\n",
       "      <td>0.120223</td>\n",
       "      <td>0.190362</td>\n",
       "      <td>0.057244</td>\n",
       "      <td>0.006166</td>\n",
       "      <td>-0.132420</td>\n",
       "      <td>-0.081812</td>\n",
       "      <td>0.233827</td>\n",
       "      <td>0.153907</td>\n",
       "      <td>0.709840</td>\n",
       "    </tr>\n",
       "    <tr>\n",
       "      <th>floors</th>\n",
       "      <td>0.025876</td>\n",
       "      <td>0.258561</td>\n",
       "      <td>0.183144</td>\n",
       "      <td>0.500929</td>\n",
       "      <td>0.353172</td>\n",
       "      <td>-0.003873</td>\n",
       "      <td>1.000000</td>\n",
       "      <td>0.024805</td>\n",
       "      <td>0.033378</td>\n",
       "      <td>-0.261006</td>\n",
       "      <td>0.458976</td>\n",
       "      <td>0.525346</td>\n",
       "      <td>0.487007</td>\n",
       "      <td>0.003389</td>\n",
       "      <td>-0.058511</td>\n",
       "      <td>0.052957</td>\n",
       "      <td>0.123830</td>\n",
       "      <td>0.280191</td>\n",
       "      <td>-0.011994</td>\n",
       "    </tr>\n",
       "    <tr>\n",
       "      <th>waterfront</th>\n",
       "      <td>-0.012190</td>\n",
       "      <td>0.275385</td>\n",
       "      <td>0.002254</td>\n",
       "      <td>0.071959</td>\n",
       "      <td>0.111976</td>\n",
       "      <td>0.023484</td>\n",
       "      <td>0.024805</td>\n",
       "      <td>1.000000</td>\n",
       "      <td>0.409383</td>\n",
       "      <td>0.024644</td>\n",
       "      <td>0.090274</td>\n",
       "      <td>0.076729</td>\n",
       "      <td>-0.025740</td>\n",
       "      <td>0.086732</td>\n",
       "      <td>0.028418</td>\n",
       "      <td>-0.012360</td>\n",
       "      <td>-0.032924</td>\n",
       "      <td>0.094300</td>\n",
       "      <td>0.031537</td>\n",
       "    </tr>\n",
       "    <tr>\n",
       "      <th>view</th>\n",
       "      <td>0.008700</td>\n",
       "      <td>0.400145</td>\n",
       "      <td>0.088486</td>\n",
       "      <td>0.192903</td>\n",
       "      <td>0.288661</td>\n",
       "      <td>0.077069</td>\n",
       "      <td>0.033378</td>\n",
       "      <td>0.409383</td>\n",
       "      <td>1.000000</td>\n",
       "      <td>0.045465</td>\n",
       "      <td>0.258279</td>\n",
       "      <td>0.173194</td>\n",
       "      <td>-0.050347</td>\n",
       "      <td>0.095173</td>\n",
       "      <td>0.085784</td>\n",
       "      <td>0.009798</td>\n",
       "      <td>-0.075741</td>\n",
       "      <td>0.283068</td>\n",
       "      <td>0.074281</td>\n",
       "    </tr>\n",
       "    <tr>\n",
       "      <th>condition</th>\n",
       "      <td>-0.019836</td>\n",
       "      <td>0.042909</td>\n",
       "      <td>0.017482</td>\n",
       "      <td>-0.126765</td>\n",
       "      <td>-0.056987</td>\n",
       "      <td>-0.009913</td>\n",
       "      <td>-0.261006</td>\n",
       "      <td>0.024644</td>\n",
       "      <td>0.045465</td>\n",
       "      <td>1.000000</td>\n",
       "      <td>-0.144610</td>\n",
       "      <td>-0.156815</td>\n",
       "      <td>-0.365650</td>\n",
       "      <td>-0.061515</td>\n",
       "      <td>0.009895</td>\n",
       "      <td>-0.018195</td>\n",
       "      <td>-0.112165</td>\n",
       "      <td>-0.089221</td>\n",
       "      <td>-0.003178</td>\n",
       "    </tr>\n",
       "    <tr>\n",
       "      <th>grade</th>\n",
       "      <td>0.010580</td>\n",
       "      <td>0.670040</td>\n",
       "      <td>0.362265</td>\n",
       "      <td>0.664047</td>\n",
       "      <td>0.761207</td>\n",
       "      <td>0.120223</td>\n",
       "      <td>0.458976</td>\n",
       "      <td>0.090274</td>\n",
       "      <td>0.258279</td>\n",
       "      <td>-0.144610</td>\n",
       "      <td>1.000000</td>\n",
       "      <td>0.755396</td>\n",
       "      <td>0.441339</td>\n",
       "      <td>0.023081</td>\n",
       "      <td>-0.183264</td>\n",
       "      <td>0.113715</td>\n",
       "      <td>0.196432</td>\n",
       "      <td>0.714152</td>\n",
       "      <td>0.120628</td>\n",
       "    </tr>\n",
       "    <tr>\n",
       "      <th>sqft_above</th>\n",
       "      <td>-0.001595</td>\n",
       "      <td>0.603072</td>\n",
       "      <td>0.492467</td>\n",
       "      <td>0.687644</td>\n",
       "      <td>0.875670</td>\n",
       "      <td>0.190362</td>\n",
       "      <td>0.525346</td>\n",
       "      <td>0.076729</td>\n",
       "      <td>0.173194</td>\n",
       "      <td>-0.156815</td>\n",
       "      <td>0.755396</td>\n",
       "      <td>1.000000</td>\n",
       "      <td>0.421677</td>\n",
       "      <td>0.022459</td>\n",
       "      <td>-0.260342</td>\n",
       "      <td>-0.003725</td>\n",
       "      <td>0.340844</td>\n",
       "      <td>0.734664</td>\n",
       "      <td>0.195000</td>\n",
       "    </tr>\n",
       "    <tr>\n",
       "      <th>yr_built</th>\n",
       "      <td>0.025294</td>\n",
       "      <td>0.047772</td>\n",
       "      <td>0.157525</td>\n",
       "      <td>0.500170</td>\n",
       "      <td>0.313638</td>\n",
       "      <td>0.057244</td>\n",
       "      <td>0.487007</td>\n",
       "      <td>-0.025740</td>\n",
       "      <td>-0.050347</td>\n",
       "      <td>-0.365650</td>\n",
       "      <td>0.441339</td>\n",
       "      <td>0.421677</td>\n",
       "      <td>1.000000</td>\n",
       "      <td>-0.222969</td>\n",
       "      <td>-0.350408</td>\n",
       "      <td>-0.150197</td>\n",
       "      <td>0.411414</td>\n",
       "      <td>0.325076</td>\n",
       "      <td>0.070946</td>\n",
       "    </tr>\n",
       "    <tr>\n",
       "      <th>yr_renovated</th>\n",
       "      <td>-0.012564</td>\n",
       "      <td>0.129166</td>\n",
       "      <td>0.020966</td>\n",
       "      <td>0.057154</td>\n",
       "      <td>0.054631</td>\n",
       "      <td>0.006166</td>\n",
       "      <td>0.003389</td>\n",
       "      <td>0.086732</td>\n",
       "      <td>0.095173</td>\n",
       "      <td>-0.061515</td>\n",
       "      <td>0.023081</td>\n",
       "      <td>0.022459</td>\n",
       "      <td>-0.222969</td>\n",
       "      <td>1.000000</td>\n",
       "      <td>0.074542</td>\n",
       "      <td>0.030128</td>\n",
       "      <td>-0.074098</td>\n",
       "      <td>0.002677</td>\n",
       "      <td>0.008107</td>\n",
       "    </tr>\n",
       "    <tr>\n",
       "      <th>zipcode</th>\n",
       "      <td>-0.012620</td>\n",
       "      <td>-0.048010</td>\n",
       "      <td>-0.151134</td>\n",
       "      <td>-0.198293</td>\n",
       "      <td>-0.195949</td>\n",
       "      <td>-0.132420</td>\n",
       "      <td>-0.058511</td>\n",
       "      <td>0.028418</td>\n",
       "      <td>0.085784</td>\n",
       "      <td>0.009895</td>\n",
       "      <td>-0.183264</td>\n",
       "      <td>-0.260342</td>\n",
       "      <td>-0.350408</td>\n",
       "      <td>0.074542</td>\n",
       "      <td>1.000000</td>\n",
       "      <td>0.266856</td>\n",
       "      <td>-0.564456</td>\n",
       "      <td>-0.277450</td>\n",
       "      <td>-0.150474</td>\n",
       "    </tr>\n",
       "    <tr>\n",
       "      <th>lat</th>\n",
       "      <td>-0.005435</td>\n",
       "      <td>0.305863</td>\n",
       "      <td>-0.015483</td>\n",
       "      <td>0.030936</td>\n",
       "      <td>0.053362</td>\n",
       "      <td>-0.081812</td>\n",
       "      <td>0.052957</td>\n",
       "      <td>-0.012360</td>\n",
       "      <td>0.009798</td>\n",
       "      <td>-0.018195</td>\n",
       "      <td>0.113715</td>\n",
       "      <td>-0.003725</td>\n",
       "      <td>-0.150197</td>\n",
       "      <td>0.030128</td>\n",
       "      <td>0.266856</td>\n",
       "      <td>1.000000</td>\n",
       "      <td>-0.135356</td>\n",
       "      <td>0.049053</td>\n",
       "      <td>-0.081802</td>\n",
       "    </tr>\n",
       "    <tr>\n",
       "      <th>long</th>\n",
       "      <td>0.024282</td>\n",
       "      <td>0.017225</td>\n",
       "      <td>0.131968</td>\n",
       "      <td>0.217301</td>\n",
       "      <td>0.236566</td>\n",
       "      <td>0.233827</td>\n",
       "      <td>0.123830</td>\n",
       "      <td>-0.032924</td>\n",
       "      <td>-0.075741</td>\n",
       "      <td>-0.112165</td>\n",
       "      <td>0.196432</td>\n",
       "      <td>0.340844</td>\n",
       "      <td>0.411414</td>\n",
       "      <td>-0.074098</td>\n",
       "      <td>-0.564456</td>\n",
       "      <td>-0.135356</td>\n",
       "      <td>1.000000</td>\n",
       "      <td>0.331042</td>\n",
       "      <td>0.258336</td>\n",
       "    </tr>\n",
       "    <tr>\n",
       "      <th>sqft_living15</th>\n",
       "      <td>0.001154</td>\n",
       "      <td>0.588622</td>\n",
       "      <td>0.404960</td>\n",
       "      <td>0.571871</td>\n",
       "      <td>0.759525</td>\n",
       "      <td>0.153907</td>\n",
       "      <td>0.280191</td>\n",
       "      <td>0.094300</td>\n",
       "      <td>0.283068</td>\n",
       "      <td>-0.089221</td>\n",
       "      <td>0.714152</td>\n",
       "      <td>0.734664</td>\n",
       "      <td>0.325076</td>\n",
       "      <td>0.002677</td>\n",
       "      <td>-0.277450</td>\n",
       "      <td>0.049053</td>\n",
       "      <td>0.331042</td>\n",
       "      <td>1.000000</td>\n",
       "      <td>0.189602</td>\n",
       "    </tr>\n",
       "    <tr>\n",
       "      <th>sqft_lot15</th>\n",
       "      <td>-0.140215</td>\n",
       "      <td>0.078741</td>\n",
       "      <td>0.034729</td>\n",
       "      <td>0.086461</td>\n",
       "      <td>0.187308</td>\n",
       "      <td>0.709840</td>\n",
       "      <td>-0.011994</td>\n",
       "      <td>0.031537</td>\n",
       "      <td>0.074281</td>\n",
       "      <td>-0.003178</td>\n",
       "      <td>0.120628</td>\n",
       "      <td>0.195000</td>\n",
       "      <td>0.070946</td>\n",
       "      <td>0.008107</td>\n",
       "      <td>-0.150474</td>\n",
       "      <td>-0.081802</td>\n",
       "      <td>0.258336</td>\n",
       "      <td>0.189602</td>\n",
       "      <td>1.000000</td>\n",
       "    </tr>\n",
       "  </tbody>\n",
       "</table>\n",
       "</div>"
      ],
      "text/plain": [
       "                     id     price  bedrooms  bathrooms  sqft_living  sqft_lot  \\\n",
       "id             1.000000 -0.017355  0.004771   0.010316    -0.006055 -0.134586   \n",
       "price         -0.017355  1.000000  0.315422   0.529378     0.701778  0.089524   \n",
       "bedrooms       0.004771  0.315422  1.000000   0.527008     0.592701  0.041579   \n",
       "bathrooms      0.010316  0.529378  0.527008   1.000000     0.758467  0.090724   \n",
       "sqft_living   -0.006055  0.701778  0.592701   0.758467     1.000000  0.182080   \n",
       "sqft_lot      -0.134586  0.089524  0.041579   0.090724     0.182080  1.000000   \n",
       "floors         0.025876  0.258561  0.183144   0.500929     0.353172 -0.003873   \n",
       "waterfront    -0.012190  0.275385  0.002254   0.071959     0.111976  0.023484   \n",
       "view           0.008700  0.400145  0.088486   0.192903     0.288661  0.077069   \n",
       "condition     -0.019836  0.042909  0.017482  -0.126765    -0.056987 -0.009913   \n",
       "grade          0.010580  0.670040  0.362265   0.664047     0.761207  0.120223   \n",
       "sqft_above    -0.001595  0.603072  0.492467   0.687644     0.875670  0.190362   \n",
       "yr_built       0.025294  0.047772  0.157525   0.500170     0.313638  0.057244   \n",
       "yr_renovated  -0.012564  0.129166  0.020966   0.057154     0.054631  0.006166   \n",
       "zipcode       -0.012620 -0.048010 -0.151134  -0.198293    -0.195949 -0.132420   \n",
       "lat           -0.005435  0.305863 -0.015483   0.030936     0.053362 -0.081812   \n",
       "long           0.024282  0.017225  0.131968   0.217301     0.236566  0.233827   \n",
       "sqft_living15  0.001154  0.588622  0.404960   0.571871     0.759525  0.153907   \n",
       "sqft_lot15    -0.140215  0.078741  0.034729   0.086461     0.187308  0.709840   \n",
       "\n",
       "                 floors  waterfront      view  condition     grade  \\\n",
       "id             0.025876   -0.012190  0.008700  -0.019836  0.010580   \n",
       "price          0.258561    0.275385  0.400145   0.042909  0.670040   \n",
       "bedrooms       0.183144    0.002254  0.088486   0.017482  0.362265   \n",
       "bathrooms      0.500929    0.071959  0.192903  -0.126765  0.664047   \n",
       "sqft_living    0.353172    0.111976  0.288661  -0.056987  0.761207   \n",
       "sqft_lot      -0.003873    0.023484  0.077069  -0.009913  0.120223   \n",
       "floors         1.000000    0.024805  0.033378  -0.261006  0.458976   \n",
       "waterfront     0.024805    1.000000  0.409383   0.024644  0.090274   \n",
       "view           0.033378    0.409383  1.000000   0.045465  0.258279   \n",
       "condition     -0.261006    0.024644  0.045465   1.000000 -0.144610   \n",
       "grade          0.458976    0.090274  0.258279  -0.144610  1.000000   \n",
       "sqft_above     0.525346    0.076729  0.173194  -0.156815  0.755396   \n",
       "yr_built       0.487007   -0.025740 -0.050347  -0.365650  0.441339   \n",
       "yr_renovated   0.003389    0.086732  0.095173  -0.061515  0.023081   \n",
       "zipcode       -0.058511    0.028418  0.085784   0.009895 -0.183264   \n",
       "lat            0.052957   -0.012360  0.009798  -0.018195  0.113715   \n",
       "long           0.123830   -0.032924 -0.075741  -0.112165  0.196432   \n",
       "sqft_living15  0.280191    0.094300  0.283068  -0.089221  0.714152   \n",
       "sqft_lot15    -0.011994    0.031537  0.074281  -0.003178  0.120628   \n",
       "\n",
       "               sqft_above  yr_built  yr_renovated   zipcode       lat  \\\n",
       "id              -0.001595  0.025294     -0.012564 -0.012620 -0.005435   \n",
       "price            0.603072  0.047772      0.129166 -0.048010  0.305863   \n",
       "bedrooms         0.492467  0.157525      0.020966 -0.151134 -0.015483   \n",
       "bathrooms        0.687644  0.500170      0.057154 -0.198293  0.030936   \n",
       "sqft_living      0.875670  0.313638      0.054631 -0.195949  0.053362   \n",
       "sqft_lot         0.190362  0.057244      0.006166 -0.132420 -0.081812   \n",
       "floors           0.525346  0.487007      0.003389 -0.058511  0.052957   \n",
       "waterfront       0.076729 -0.025740      0.086732  0.028418 -0.012360   \n",
       "view             0.173194 -0.050347      0.095173  0.085784  0.009798   \n",
       "condition       -0.156815 -0.365650     -0.061515  0.009895 -0.018195   \n",
       "grade            0.755396  0.441339      0.023081 -0.183264  0.113715   \n",
       "sqft_above       1.000000  0.421677      0.022459 -0.260342 -0.003725   \n",
       "yr_built         0.421677  1.000000     -0.222969 -0.350408 -0.150197   \n",
       "yr_renovated     0.022459 -0.222969      1.000000  0.074542  0.030128   \n",
       "zipcode         -0.260342 -0.350408      0.074542  1.000000  0.266856   \n",
       "lat             -0.003725 -0.150197      0.030128  0.266856  1.000000   \n",
       "long             0.340844  0.411414     -0.074098 -0.564456 -0.135356   \n",
       "sqft_living15    0.734664  0.325076      0.002677 -0.277450  0.049053   \n",
       "sqft_lot15       0.195000  0.070946      0.008107 -0.150474 -0.081802   \n",
       "\n",
       "                   long  sqft_living15  sqft_lot15  \n",
       "id             0.024282       0.001154   -0.140215  \n",
       "price          0.017225       0.588622    0.078741  \n",
       "bedrooms       0.131968       0.404960    0.034729  \n",
       "bathrooms      0.217301       0.571871    0.086461  \n",
       "sqft_living    0.236566       0.759525    0.187308  \n",
       "sqft_lot       0.233827       0.153907    0.709840  \n",
       "floors         0.123830       0.280191   -0.011994  \n",
       "waterfront    -0.032924       0.094300    0.031537  \n",
       "view          -0.075741       0.283068    0.074281  \n",
       "condition     -0.112165      -0.089221   -0.003178  \n",
       "grade          0.196432       0.714152    0.120628  \n",
       "sqft_above     0.340844       0.734664    0.195000  \n",
       "yr_built       0.411414       0.325076    0.070946  \n",
       "yr_renovated  -0.074098       0.002677    0.008107  \n",
       "zipcode       -0.564456      -0.277450   -0.150474  \n",
       "lat           -0.135356       0.049053   -0.081802  \n",
       "long           1.000000       0.331042    0.258336  \n",
       "sqft_living15  0.331042       1.000000    0.189602  \n",
       "sqft_lot15     0.258336       0.189602    1.000000  "
      ]
     },
     "execution_count": 219,
     "metadata": {},
     "output_type": "execute_result"
    }
   ],
   "source": [
    "df.corr()"
   ]
  },
  {
   "cell_type": "code",
   "execution_count": 220,
   "metadata": {},
   "outputs": [
    {
     "data": {
      "text/html": [
       "<div>\n",
       "<style scoped>\n",
       "    .dataframe tbody tr th:only-of-type {\n",
       "        vertical-align: middle;\n",
       "    }\n",
       "\n",
       "    .dataframe tbody tr th {\n",
       "        vertical-align: top;\n",
       "    }\n",
       "\n",
       "    .dataframe thead th {\n",
       "        text-align: right;\n",
       "    }\n",
       "</style>\n",
       "<table border=\"1\" class=\"dataframe\">\n",
       "  <thead>\n",
       "    <tr style=\"text-align: right;\">\n",
       "      <th></th>\n",
       "      <th>price</th>\n",
       "      <th>sqft_living</th>\n",
       "      <th>bedrooms</th>\n",
       "    </tr>\n",
       "  </thead>\n",
       "  <tbody>\n",
       "    <tr>\n",
       "      <th>price</th>\n",
       "      <td>1.000000</td>\n",
       "      <td>0.701778</td>\n",
       "      <td>0.315422</td>\n",
       "    </tr>\n",
       "    <tr>\n",
       "      <th>sqft_living</th>\n",
       "      <td>0.701778</td>\n",
       "      <td>1.000000</td>\n",
       "      <td>0.592701</td>\n",
       "    </tr>\n",
       "    <tr>\n",
       "      <th>bedrooms</th>\n",
       "      <td>0.315422</td>\n",
       "      <td>0.592701</td>\n",
       "      <td>1.000000</td>\n",
       "    </tr>\n",
       "  </tbody>\n",
       "</table>\n",
       "</div>"
      ],
      "text/plain": [
       "                price  sqft_living  bedrooms\n",
       "price        1.000000     0.701778  0.315422\n",
       "sqft_living  0.701778     1.000000  0.592701\n",
       "bedrooms     0.315422     0.592701  1.000000"
      ]
     },
     "execution_count": 220,
     "metadata": {},
     "output_type": "execute_result"
    }
   ],
   "source": [
    "df[['price','sqft_living','bedrooms']].corr()"
   ]
  },
  {
   "cell_type": "markdown",
   "metadata": {},
   "source": [
    "Appear to be decent correlations here! Maybe this can be my *baseline model*???"
   ]
  },
  {
   "cell_type": "code",
   "execution_count": 221,
   "metadata": {},
   "outputs": [
    {
     "data": {
      "text/plain": [
       "Text(0.5, 1.0, 'Number of Bedrooms')"
      ]
     },
     "execution_count": 221,
     "metadata": {},
     "output_type": "execute_result"
    },
    {
     "data": {
